-50.1883977 0.0000000 11.8000000 11.80000 51.55691 141339.97122 75064313.50003 75064313.50003 137008508.60473 4.36923
-50.1883977 0.0000000 -11.8000000 11.80000 51.55691 141339.97122 75064313.50003 75064313.50003 137008508.60473 4.36923
-15.5090678 -47.7320027 11.8000000 11.80000 51.55691 141339.97122 75064313.50003 75064313.50003 137008508.60473 4.36923
-15.5090678 -47.7320027 -11.8000000 11.80000 51.55691 141339.97122 75064313.50003 75064313.50003 137008508.60473 4.36923
40.6032667 -29.5000000 11.8000000 11.80000 51.55691 141339.97122 75064313.50003 75064313.50003 137008508.60473 4.36923
40.6032667 -29.5000000 -11.8000000 11.80000 51.55691 141339.97122 75064313.50003 75064313.50003 137008508.60473 4.36923
40.6032667 29.5000000 11.8000000 11.80000 51.55691 141339.97122 75064313.50003 75064313.50003 137008508.60473 4.36923
40.6032667 29.5000000 -11.8000000 11.80000 51.55691 141339.97122 75064313.50003 75064313.50003 137008508.60473 4.36923
-15.5090678 47.7320027 11.8000000 11.80000 51.55691 141339.97122 75064313.50003 75064313.50003 137008508.60473 4.36923
-15.5090678 47.7320027 -11.8000000 11.80000 51.55691 141339.97122 75064313.50003 75064313.50003 137008508.60473 4.36923
