2 -1   0.000000 -182.335365   0.000000 1 0 0 0 0.000000 450.0 900 450.0
2 -1   0.000000 -112.335365   0.000000 1 0 0 0 0.000000 450.0 900 450.0
0 2 -15.509068   9.221545   0.000000 1 0 0 0 0.000000 450.0 900 450.0
1 3  15.509068 182.335365   0.000000 1 0 0 0 0.000000 450.0 900 450.0
2 -1   0.000000 303.892275   0.000000 1 0 0 0 0.000000 450.0 900 450.0
2 -1   0.000000 373.892275   0.000000 1 0 0 0 0.000000 450.0 900 450.0
3 2   3.101814 -48.056858   0.000000 1 0 0 0 0.000000 450.0 900 450.0
3 2   3.101814  66.499948   0.000000 1 0 0 0 0.000000 450.0 900 450.0
3 3  -3.101814 125.056962   0.000000 1 0 0 0 0.000000 450.0 900 450.0
3 3  -3.101814 239.613768   0.000000 1 0 0 0 0.000000 450.0 900 450.0
4 2 -15.509068   9.221545   0.000000 1 0 0 0 0.000000 450.0 900 450.0
4 3  15.509068 182.335365   0.000000 1 0 0 0 0.000000 450.0 900 450.0
